#      year    tas (K) 
 2015  287.862 
 2016  288.152 
 2017  288.274 
 2018  288.042 
 2019   288.02 
 2020  288.007 
 2021  288.207 
 2022  287.999 
 2023  288.064 
 2024  288.094 
 2025  288.146 
 2026  288.177 
 2027  288.265 
 2028  288.415 
 2029  288.594 
 2030  288.515 
 2031  288.265 
 2032  288.224 
 2033  288.228 
 2034  288.333 
 2035  288.321 
 2036  288.484 
 2037  288.473 
 2038  288.781 
 2039  288.737 
 2040   288.69 
 2041  288.829 
 2042  288.949 
 2043  289.142 
 2044  289.284 
 2045  289.215 
 2046  289.185 
 2047  289.342 
 2048  289.443 
 2049  289.383 
 2050    289.5 
 2051  289.516 
 2052  289.674 
 2053  289.718 
 2054  289.708 
 2055  289.726 
 2056  289.997 
 2057  289.969 
 2058  289.998 
 2059  289.936 
 2060  290.092 
 2061  289.996 
 2062  290.107 
 2063  290.324 
 2064  290.374 
 2065  290.372 
 2066  290.611 
 2067  290.598 
 2068  290.637 
 2069  290.692 
 2070  290.844 
 2071  291.053 
 2072  290.993 
 2073  290.961 
 2074   291.08 
 2075  290.981 
 2076  291.153 
 2077  291.296 
 2078  291.493 
 2079   291.53 
 2080  291.836 
 2081  292.029 
 2082  291.719 
 2083  291.855 
 2084  292.034 
 2085   291.91 
 2086  292.124 
 2087  292.377 
 2088  292.332 
 2089  292.492 
 2090   292.63 
 2091  292.584 
 2092  292.618 
 2093  292.596 
 2094  292.678 
 2095  292.924 
 2096  293.047 
 2097  292.951 
 2098  293.161 
 2099  293.408 
 2100  293.245 
