#      year    tas (K) 
 2015  288.149 
 2016  288.184 
 2017  288.108 
 2018  288.267 
 2019  288.414 
 2020  288.377 
 2021  288.388 
 2022  288.538 
 2023  288.553 
 2024  288.478 
 2025  288.557 
 2026  288.664 
 2027  288.863 
 2028  288.788 
 2029  288.763 
 2030  288.931 
 2031  288.975 
 2032  289.048 
 2033  289.202 
 2034  289.266 
 2035  289.277 
 2036   289.32 
 2037  289.353 
 2038  289.405 
 2039   289.51 
 2040  289.702 
 2041  289.713 
 2042  289.675 
 2043  289.751 
 2044  289.743 
 2045  289.785 
 2046   289.97 
 2047  290.111 
 2048  290.129 
 2049  290.128 
 2050  290.213 
 2051  290.477 
 2052  290.521 
 2053  290.457 
 2054  290.545 
 2055  290.709 
 2056  290.722 
 2057  290.769 
 2058  290.697 
 2059  290.904 
 2060  291.114 
 2061  291.119 
 2062  291.184 
 2063  291.344 
 2064  291.426 
 2065  291.494 
 2066  291.524 
 2067  291.631 
 2068  291.555 
 2069  291.722 
 2070  291.951 
 2071  291.963 
 2072  292.154 
 2073   292.13 
 2074  291.948 
 2075  292.114 
 2076  292.414 
 2077  292.389 
 2078  292.474 
 2079  292.583 
 2080  292.681 
 2081  292.743 
 2082  292.815 
 2083  292.863 
 2084  293.003 
 2085  293.047 
 2086  293.062 
 2087  293.206 
 2088   293.33 
 2089  293.608 
 2090  293.563 
 2091  293.537 
 2092  293.622 
 2093  293.661 
 2094  293.817 
 2095   294.04 
 2096  294.111 
 2097   294.13 
 2098  294.288 
 2099  294.134 
 2100  294.279 
