#      year    tas (K) 
 2015  287.777 
 2016  287.818 
 2017  287.969 
 2018  287.814 
 2019    287.9 
 2020  288.067 
 2021  288.201 
 2022  288.019 
 2023  287.971 
 2024  288.014 
 2025   288.19 
 2026  288.158 
 2027   288.04 
 2028  288.091 
 2029  288.252 
 2030   288.22 
 2031  288.208 
 2032  288.128 
 2033  288.297 
 2034  288.316 
 2035   288.15 
 2036  288.187 
 2037  288.319 
 2038  288.224 
 2039  288.217 
 2040  288.168 
 2041  288.353 
 2042  288.326 
 2043  288.359 
 2044  288.231 
 2045  288.298 
 2046  288.414 
 2047  288.326 
 2048  288.284 
 2049  288.427 
 2050   288.35 
 2051  288.351 
 2052  288.361 
 2053  288.298 
 2054  288.385 
 2055  288.492 
 2056  288.446 
 2057  288.352 
 2058  288.254 
 2059  288.317 
 2060   288.44 
 2061  288.499 
 2062  288.396 
 2063  288.339 
 2064  288.325 
 2065  288.354 
 2066  288.509 
 2067  288.405 
 2068  288.501 
 2069  288.522 
 2070  288.432 
 2071  288.361 
 2072  288.385 
 2073  288.316 
 2074   288.35 
 2075  288.302 
 2076  288.205 
 2077  288.459 
 2078  288.585 
 2079  288.386 
 2080  288.456 
 2081  288.358 
 2082  288.571 
 2083  288.425 
 2084   288.25 
 2085  288.331 
 2086  288.491 
 2087  288.384 
 2088  288.389 
 2089  288.418 
 2090  288.414 
 2091   288.37 
 2092  288.391 
 2093  288.366 
 2094  288.289 
 2095  288.152 
 2096  288.204 
 2097  288.443 
 2098  288.311 
 2099  288.322 
 2100  288.318 
