#      year    tas (K) 
 2015  287.959 
 2016  288.004 
 2017   287.91 
 2018  287.996 
 2019  288.203 
 2020  288.198 
 2021  288.094 
 2022  288.036 
 2023  288.233 
 2024  288.309 
 2025  288.331 
 2026  288.344 
 2027  288.214 
 2028   288.37 
 2029   288.32 
 2030  288.344 
 2031  288.453 
 2032  288.463 
 2033  288.527 
 2034   288.56 
 2035  288.502 
 2036  288.452 
 2037  288.533 
 2038  288.448 
 2039  288.545 
 2040  288.633 
 2041  288.529 
 2042  288.525 
 2043  288.551 
 2044  288.637 
 2045  288.659 
 2046  288.472 
 2047  288.506 
 2048  288.686 
 2049  288.581 
 2050   288.68 
 2051  288.736 
 2052  288.692 
 2053  288.803 
 2054  288.712 
 2055  288.824 
 2056  288.793 
 2057  288.693 
 2058  288.698 
 2059   288.65 
 2060  288.677 
 2061  288.706 
 2062  288.605 
 2063   288.66 
 2064  288.868 
 2065  288.953 
 2066  288.847 
 2067  288.842 
 2068  288.849 
 2069  288.892 
 2070  288.736 
 2071  288.572 
 2072  288.578 
 2073  288.643 
 2074  288.634 
 2075  288.797 
 2076  288.725 
 2077  288.719 
 2078  288.835 
 2079  288.777 
 2080  288.764 
 2081  288.657 
 2082  288.577 
 2083    288.7 
 2084  288.815 
 2085   288.67 
 2086  288.684 
 2087  288.724 
 2088  288.675 
 2089  288.653 
 2090  288.649 
 2091  288.617 
 2092  288.542 
 2093  288.535 
 2094  288.607 
 2095  288.487 
 2096  288.562 
 2097  288.504 
 2098  288.473 
 2099   288.52 
 2100  288.494 
