#      year    tas (K) 
 2015  287.685 
 2016  287.816 
 2017  287.838 
 2018  287.832 
 2019   287.94 
 2020   287.92 
 2021  287.851 
 2022  288.068 
 2023  288.004 
 2024  288.118 
 2025  288.149 
 2026  287.972 
 2027   288.01 
 2028  288.102 
 2029  288.185 
 2030  288.013 
 2031  287.968 
 2032  288.133 
 2033  288.092 
 2034  287.997 
 2035  288.149 
 2036  288.081 
 2037  288.115 
 2038  288.148 
 2039  288.303 
 2040  288.316 
 2041  288.306 
 2042  288.203 
 2043   288.17 
 2044  288.275 
 2045  288.287 
 2046   288.32 
 2047  288.279 
 2048    288.2 
 2049  288.342 
 2050  288.225 
 2051  288.181 
 2052    288.3 
 2053  288.313 
 2054  288.336 
 2055  288.292 
 2056  288.319 
 2057  288.245 
 2058   288.25 
 2059  288.254 
 2060  288.436 
 2061  288.226 
 2062  288.279 
 2063  288.253 
 2064   288.22 
 2065  288.274 
 2066  288.351 
 2067  288.467 
 2068  288.501 
 2069  288.295 
 2070  288.388 
 2071  288.401 
 2072  288.401 
 2073  288.362 
 2074  288.273 
 2075  288.236 
 2076  288.225 
 2077  288.256 
 2078  288.336 
 2079  288.352 
 2080  288.208 
 2081  288.247 
 2082  288.349 
 2083  288.303 
 2084  288.243 
 2085  288.262 
 2086  288.347 
 2087  288.308 
 2088  288.287 
 2089   288.37 
 2090  288.282 
 2091  288.169 
 2092  288.156 
 2093  288.279 
 2094  288.392 
 2095    288.5 
 2096  288.316 
 2097  288.115 
 2098  288.172 
 2099  288.198 
 2100  288.304 
